0 501 8 1 4724 3
1 502 6 3 3105 2
2 503 7 3 1655 2
3 504 9 3 1721 2
4 505 10 4 4778 2
5 506 7 10 3641 2
6 507 2 1 2953 2
7 508 4 6 3582 2
8 509 3 3 1752 2
9 510 6 7 3600 3
10 511 6 9 3247 2
11 512 8 9 1634 1
12 513 2 1 1994 3
13 514 10 9 2234 2
14 515 5 5 2421 2
15 516 8 2 1155 1
16 517 10 9 3820 3
17 518 4 9 4543 2
18 519 10 4 4137 1
19 520 4 4 4391 3
20 521 7 3 2780 1
21 522 5 1 4992 2
22 523 5 6 3635 1
23 524 10 8 4070 1
24 525 7 8 4497 3
25 526 6 5 1310 2
26 527 6 1 4119 2
27 528 2 2 3984 3
28 529 7 1 3084 2
29 530 1 2 4366 2
